ok
1.00 8.00 13.00 13.00 
1.00 0.12 0.12 1.00 
0.12 1.00 1.00 0.12 
0.12 1.00 1.00 0.12 
1.00 0.12 0.12 1.00 
ok
10.00 1.14 13.00 
1.00 1.00 0.10 
1.00 1.00 0.12 
0.10 0.12 1.00 
ok
1.00 8.00 13.00 13.00 
1.00 1.00 0.12 1.00 
1.00 1.00 1.00 0.12 
0.12 1.00 1.00 0.12 
1.00 0.12 0.12 1.00 
ok
1.00 
1.00 
ok
1.00 
1.00 
ok
3.33 
1.00 
ok
0.10 
1.00 
ok

ok

ok
1.00 
1.00 
ok

ok

ok

ok

ok

ok

ok

ok
10.00 8.00 13.00 
1.00 1.00 0.10 
1.00 1.00 0.12 
0.10 0.12 1.00 
ok
3.33 3.50 
1.00 0.14 
0.14 1.00 
ok
1.50 6.00 7.00 
1.00 0.25 0.14 
0.25 1.00 0.14 
0.14 0.14 1.00
